39 3 42 124 79 171 14 3 5 54 116 159 4 19 128 145 108 4 128 172 159 118 83 92 99 42 3 46 4 15 3 37 84 206 236 234 225 197 160 128 111 121 145 138 127 106 110 118 124 127 126 123 150 165 164 147 123 116 123 128 125 138 156 151 150 163 182 190 181 210 239 249 250 248 241 231 236 239 240 238 234 230 227 226 224 225 232 235 233 225 218 217 203 191 188 193 194 195 182 148 
26 7 10 72 229 160 9 3 7 116 225 132 81 58 125 140 34 3 4 101 107 42 14 109 93 32 88 3 5 4 5 9 95 71 191 217 181 147 126 101 97 104 122 117 110 115 127 127 139 154 159 158 164 163 157 158 157 148 147 151 159 151 159 155 160 190 211 203 210 229 245 249 248 244 241 238 241 242 243 241 238 234 231 226 222 224 231 233 230 223 220 218 207 198 200 210 211 204 200 175 
114 23 34 39 191 217 122 83 72 182 192 89 184 112 175 88 21 3 8 57 70 65 4 87 81 57 3 53 3 2 56 19 10 87 200 160 124 113 105 131 134 148 160 154 131 126 116 130 131 155 173 167 138 142 146 144 138 145 160 169 172 173 176 170 173 198 196 209 220 241 247 247 242 240 245 244 242 244 243 241 237 234 229 223 222 223 229 229 226 223 219 216 206 198 202 214 215 210 206 206 
90 91 6 77 94 244 190 133 114 126 161 112 169 135 4 29 3 12 4 82 74 64 46 4 3 3 3 4 3 3 3 4 10 102 135 136 124 143 151 174 197 206 212 207 194 169 145 158 174 188 189 190 149 154 166 156 149 154 174 171 170 172 171 189 202 218 232 238 237 243 245 244 240 243 243 242 242 243 242 239 234 229 222 219 219 222 225 222 221 217 211 209 202 198 202 207 210 209 208 185 
54 174 160 161 64 208 200 146 52 145 173 107 88 127 139 75 42 3 3 17 3 51 4 5 7 32 3 2 4 4 28 35 21 84 63 85 110 109 107 111 163 196 214 217 217 204 195 204 209 210 209 207 192 187 176 168 167 180 195 188 176 180 189 213 222 233 243 245 246 247 244 240 240 241 241 238 238 236 236 233 227 221 216 215 215 217 219 215 212 209 205 200 200 199 199 204 206 206 205 186 
122 68 103 160 122 82 85 137 100 149 164 7 29 176 119 12 5 3 3 3 4 9 8 6 6 10 4 3 5 3 23 15 61 51 69 54 62 91 93 96 110 156 185 193 215 222 216 210 221 215 220 229 231 215 182 177 182 197 211 211 209 208 223 241 242 241 245 247 246 245 243 238 237 236 235 232 230 228 225 222 220 213 210 210 212 216 215 211 207 207 203 197 197 200 203 203 203 199 194 180 
177 26 14 27 5 23 42 7 43 128 156 131 49 78 126 67 9 3 2 3 2 5 4 41 59 6 3 4 7 7 28 10 73 103 94 98 101 97 107 106 103 117 151 171 201 220 219 217 228 211 219 238 239 237 224 211 216 228 232 231 238 246 250 247 243 240 244 245 244 242 239 236 233 230 227 220 218 216 214 211 210 208 207 210 212 217 216 212 208 209 205 198 199 202 200 200 196 183 172 155 
160 36 10 40 22 84 4 4 67 158 94 86 64 62 81 41 50 43 4 3 4 5 43 4 2 3 4 22 4 35 17 11 113 122 124 140 140 162 149 170 160 141 129 171 205 214 209 226 234 226 227 236 237 241 240 237 239 241 244 241 241 248 249 243 238 239 242 242 241 240 236 231 224 219 215 211 207 207 206 204 205 206 208 209 215 219 220 219 222 221 218 212 210 207 202 196 187 163 131 123 
101 74 44 3 4 63 6 4 117 164 187 215 181 152 6 68 55 6 6 5 6 5 4 4 11 6 4 3 4 5 25 17 45 134 167 189 184 183 178 181 180 178 195 197 208 210 219 227 234 235 232 233 231 232 240 241 244 247 247 246 246 246 246 243 244 247 245 240 238 235 230 223 216 211 207 204 205 201 201 202 203 205 207 209 213 219 224 226 231 235 233 224 219 210 202 191 179 156 143 147 
38 10 7 16 4 3 20 68 119 92 84 93 192 187 5 4 2 32 3 44 5 4 5 6 12 12 12 4 1 3 35 77 74 135 164 160 160 188 174 163 170 170 203 203 202 196 213 226 234 234 231 224 225 224 229 241 233 228 248 249 250 248 248 248 248 245 240 234 230 226 221 215 210 207 203 200 198 197 196 197 198 200 203 208 211 216 227 229 233 237 233 228 221 211 201 186 174 167 172 165 
6 124 8 46 8 28 9 72 179 108 26 3 110 160 166 134 63 40 16 8 2 3 11 4 7 7 39 8 4 19 60 57 61 94 166 144 156 180 162 160 176 206 239 231 214 218 228 233 238 240 237 226 223 225 224 230 211 213 246 246 246 246 245 243 241 239 232 225 222 215 213 209 206 202 199 195 194 193 193 194 194 196 200 204 208 213 221 226 229 230 227 224 218 210 198 187 172 163 160 150 
23 5 39 136 9 9 8 39 166 67 44 4 7 44 99 146 132 15 4 4 2 2 3 4 6 9 76 60 39 28 11 76 127 105 77 181 206 204 182 173 206 235 249 247 241 237 237 239 242 246 246 233 219 222 220 220 216 212 236 236 237 237 237 235 232 227 220 217 215 211 209 207 204 201 197 193 193 191 189 190 191 192 196 199 201 206 213 216 217 218 217 212 208 202 193 184 177 157 161 164 
6 5 30 49 14 37 10 14 57 59 80 87 89 14 3 111 47 4 4 3 3 3 5 5 10 57 188 159 58 92 31 87 164 214 202 233 236 234 229 232 246 250 249 247 242 238 236 239 244 244 241 228 223 220 220 223 197 175 222 226 227 229 227 225 220 216 213 210 210 207 206 205 201 198 196 193 191 190 189 189 189 191 194 195 197 200 203 202 201 203 199 196 192 190 185 186 187 184 186 176 
57 7 26 86 43 5 76 63 87 55 118 135 147 120 35 17 3 6 4 4 4 5 7 10 9 77 131 57 69 52 131 107 185 237 243 246 248 248 247 248 249 250 248 244 238 235 232 234 239 239 234 231 231 224 223 225 195 162 225 225 225 221 218 214 212 212 208 208 207 207 206 204 201 199 195 193 193 193 191 190 190 191 190 191 191 192 193 186 182 185 179 176 180 186 189 193 198 200 197 184 
57 115 101 36 79 50 141 94 92 67 160 69 136 135 66 12 5 11 55 4 6 7 3 12 10 41 20 7 44 90 148 75 164 241 244 246 246 247 248 249 248 248 245 238 233 227 225 226 228 231 230 225 228 227 220 220 128 114 220 222 219 214 210 208 208 210 208 208 208 205 204 202 200 199 196 196 195 194 192 191 190 189 188 187 185 183 181 176 168 167 164 168 177 185 191 193 201 205 199 179 
134 131 139 11 90 147 158 177 149 32 25 119 98 80 6 6 7 24 18 5 53 54 52 45 12 62 55 86 30 41 71 125 201 239 240 240 239 241 240 241 240 238 234 228 222 217 215 213 213 216 219 219 221 223 221 159 37 31 65 136 215 210 207 205 205 206 207 207 205 201 199 199 200 199 198 199 198 194 193 191 190 187 185 182 179 176 173 171 167 166 166 170 172 173 180 182 185 181 181 161 
206 71 64 12 56 64 115 74 121 25 79 109 22 67 3 32 40 6 58 50 42 141 92 89 87 112 117 148 117 118 126 169 212 233 229 226 224 225 226 225 224 222 219 215 213 209 207 206 207 209 212 212 214 216 187 56 67 58 60 88 210 208 205 202 200 200 203 204 203 201 200 203 203 202 202 203 200 198 195 194 192 188 184 181 176 172 170 167 165 164 163 161 157 153 154 154 144 144 151 128 
162 33 10 18 78 49 20 70 48 54 123 70 43 3 5 13 8 8 36 70 5 91 115 97 92 157 145 135 220 224 215 227 224 223 217 213 210 210 211 210 211 210 209 208 207 206 206 205 205 206 206 207 209 209 140 39 52 22 26 51 183 205 202 199 198 194 195 199 198 199 202 203 203 204 205 205 204 202 199 198 194 190 186 181 177 173 175 176 176 173 174 178 174 165 150 152 163 147 133 113 
168 97 81 24 86 12 10 78 96 48 36 63 3 3 24 5 10 14 111 30 99 109 63 98 126 150 165 153 192 215 215 214 210 207 204 203 202 202 202 204 204 205 205 205 205 204 203 202 202 201 202 203 204 204 104 24 71 57 50 89 198 203 198 195 193 191 190 193 195 200 202 203 203 204 203 202 203 201 199 196 192 189 187 183 181 181 185 194 203 197 194 194 187 175 168 181 184 157 134 116 
188 112 46 90 83 55 58 44 4 3 4 40 3 3 27 11 17 13 96 111 132 107 52 63 123 219 222 213 207 199 198 197 195 191 194 194 195 195 195 196 197 199 199 200 200 199 199 197 195 197 197 197 198 198 169 52 65 55 61 155 198 195 193 191 188 187 188 190 198 202 204 203 202 198 197 197 196 196 192 190 188 187 187 185 186 190 195 205 217 215 211 206 199 191 190 186 160 138 117 98 
199 184 164 196 154 77 71 19 89 90 69 81 8 79 108 64 26 17 88 139 137 134 130 132 170 205 213 205 195 188 186 185 186 186 184 180 183 183 183 184 184 189 191 191 191 191 191 189 188 189 191 192 192 194 195 64 67 39 58 154 194 192 192 190 189 190 189 194 201 205 205 203 199 197 194 190 187 188 187 185 184 184 183 187 191 199 210 216 221 222 220 220 216 205 182 153 121 104 93 88 
190 182 203 213 196 122 73 78 104 102 120 137 117 131 89 67 54 18 61 137 134 129 127 129 138 161 187 192 184 175 171 172 171 168 163 163 159 163 168 172 172 175 177 176 178 179 180 180 180 183 186 187 189 189 192 74 72 39 71 139 193 196 196 196 196 195 194 200 206 207 205 204 201 197 192 187 184 183 181 180 181 182 184 188 195 202 209 212 215 216 216 215 209 192 151 119 100 98 92 96 
194 182 189 208 208 182 81 25 46 41 100 137 119 96 105 39 12 50 86 130 129 126 125 124 121 122 138 164 166 145 150 154 145 136 135 139 129 130 145 157 165 167 164 160 164 166 170 172 174 179 182 184 187 187 183 82 75 48 72 125 198 203 207 210 207 206 206 205 207 206 204 202 200 198 192 187 182 181 180 182 184 185 185 187 190 194 195 193 193 199 200 195 186 157 110 97 103 112 116 106 
195 202 219 222 218 182 120 102 107 108 133 134 126 95 52 45 95 81 130 127 126 125 124 120 119 118 125 141 143 124 125 124 124 119 128 141 136 123 130 151 159 164 159 155 154 156 157 155 160 169 175 180 184 185 176 81 71 50 71 117 205 209 212 214 213 213 211 207 203 198 197 197 197 198 196 194 192 187 187 188 189 186 183 180 179 174 161 160 165 178 180 173 153 115 100 100 104 111 106 104 
206 223 233 239 222 198 181 134 129 131 132 133 135 131 111 85 100 82 112 125 124 124 124 122 118 115 119 136 135 130 123 113 119 121 119 127 137 133 131 140 143 154 156 144 138 138 140 144 151 160 162 166 168 173 161 83 81 44 74 104 197 205 208 210 210 210 206 199 193 189 190 194 197 201 202 203 205 204 205 201 199 193 189 179 165 149 151 155 155 164 159 151 133 118 105 103 105 107 111 110 
203 215 232 234 221 200 180 145 133 133 134 133 134 130 130 129 126 121 113 125 124 123 123 122 119 115 116 125 136 135 130 115 113 115 109 110 116 112 117 117 121 120 120 118 118 117 123 132 147 156 147 141 142 150 146 78 83 53 73 100 183 194 194 195 194 193 189 185 183 185 189 193 195 201 203 205 207 209 211 209 207 206 203 192 177 165 151 148 143 145 139 140 127 119 109 114 117 112 116 119 
201 208 215 219 211 201 172 143 131 131 133 136 140 136 131 130 128 126 127 125 124 124 125 123 119 119 118 121 127 122 123 114 113 113 113 111 110 110 108 110 113 112 122 117 119 124 127 149 163 170 159 150 144 140 126 81 75 56 79 91 165 177 175 174 175 174 171 172 179 187 190 191 191 192 196 200 204 209 210 210 212 212 210 202 189 176 162 141 131 129 130 137 131 128 125 130 128 122 125 128 
197 200 203 207 203 203 179 176 135 130 130 135 138 138 134 132 131 130 126 123 121 123 122 123 127 130 129 123 119 118 115 112 110 110 110 110 112 112 109 110 112 119 114 121 137 134 135 149 170 158 160 163 160 142 111 75 86 51 84 68 153 162 161 164 166 162 160 165 176 183 184 182 181 184 187 188 190 193 193 190 191 196 193 192 190 195 191 158 148 129 129 124 124 126 126 128 129 131 133 118 
176 193 194 199 201 206 201 186 155 132 130 133 135 132 131 130 130 133 129 126 127 126 124 124 128 135 147 146 129 121 118 116 113 113 113 114 114 113 113 110 111 112 113 116 125 124 117 116 131 125 134 155 157 143 121 71 87 50 68 85 122 143 151 157 160 161 163 167 169 170 162 159 161 171 173 170 171 168 164 153 155 169 167 157 154 171 187 189 170 131 125 126 132 131 130 132 130 129 97 90 
84 104 157 185 192 198 203 194 179 161 142 135 137 136 134 136 142 149 149 150 159 166 166 144 136 129 136 141 148 137 133 132 124 120 115 116 120 119 118 115 111 110 111 112 110 114 113 113 117 118 126 150 154 155 116 78 83 60 89 65 117 131 142 145 147 154 161 155 158 152 149 150 152 162 162 162 155 151 150 142 154 162 165 161 152 144 153 159 145 135 139 149 144 139 136 133 108 68 65 57 
55 62 80 85 116 118 165 189 179 146 132 131 130 133 135 137 144 149 169 201 213 216 216 210 197 160 136 142 144 146 155 143 127 121 119 120 122 122 124 123 117 112 112 112 111 112 115 115 117 119 128 135 139 149 117 84 96 55 74 78 115 135 136 141 144 145 148 142 149 149 163 176 173 160 168 173 158 145 142 147 173 177 180 169 160 149 149 139 139 138 150 150 152 154 107 120 107 52 38 72 
68 74 75 76 72 126 156 156 163 146 135 134 135 135 150 167 171 183 203 214 228 227 221 216 205 191 171 166 151 144 145 148 137 127 122 122 123 124 125 125 121 119 118 118 117 118 120 119 120 123 126 128 130 135 100 82 85 51 92 73 99 145 149 151 145 146 132 138 136 144 173 183 175 176 189 166 145 132 131 156 166 162 154 147 143 145 139 135 137 139 143 136 147 146 104 84 83 62 51 69 
66 68 78 57 58 70 79 152 186 166 151 155 168 186 191 195 204 216 227 228 230 226 216 205 202 193 182 177 147 134 141 155 149 143 132 128 125 124 126 126 124 124 122 120 117 117 119 120 122 124 129 130 130 134 94 89 99 59 81 74 105 139 158 173 167 159 147 135 132 137 161 172 173 183 172 150 140 129 133 133 138 130 129 131 136 137 135 134 136 139 135 113 128 130 79 70 47 66 47 32 
66 76 61 85 89 79 96 186 204 198 204 209 221 229 231 231 233 235 242 241 234 231 227 211 201 194 187 185 162 148 161 156 146 142 140 140 132 127 125 128 128 124 124 122 121 118 121 123 124 126 130 132 134 133 103 74 90 62 91 82 110 153 169 177 169 146 141 132 142 151 163 151 157 164 152 137 130 129 130 130 130 127 129 131 135 133 132 135 139 142 120 76 87 118 71 71 70 58 50 31 
29 44 52 60 60 67 86 159 200 216 223 230 234 242 244 244 244 243 244 244 238 230 223 210 191 196 195 192 163 144 144 154 141 139 140 137 131 129 128 129 129 130 128 126 125 123 125 127 128 130 133 134 136 131 102 73 98 69 90 44 118 154 173 175 163 145 136 135 136 148 144 140 140 138 134 132 134 134 133 130 131 132 134 134 137 139 139 141 146 143 112 93 86 86 141 96 68 75 100 82 
24 33 31 44 67 52 48 91 176 205 216 230 240 242 241 241 240 240 239 238 234 227 223 216 192 187 191 183 156 144 137 142 139 139 138 135 132 130 134 134 135 137 135 132 130 128 128 128 131 136 140 141 141 135 104 60 92 33 80 68 103 145 155 154 146 142 141 139 139 149 147 146 145 142 137 135 134 135 135 135 138 139 141 141 144 148 145 151 134 117 92 93 66 86 88 66 104 93 95 102 
21 15 32 57 48 64 96 74 97 128 180 217 226 231 232 235 235 233 229 228 232 229 225 220 205 194 197 187 156 145 141 135 136 136 134 139 135 132 136 136 134 136 139 138 136 136 136 136 138 140 146 150 150 140 112 95 93 59 64 81 113 131 150 150 151 149 143 143 145 148 150 158 155 148 145 145 142 141 141 142 142 144 146 148 150 155 155 141 121 83 79 64 49 72 93 102 126 112 104 61 
24 47 82 55 41 57 99 68 50 86 137 208 214 216 216 220 222 220 219 221 222 226 222 220 213 207 195 193 161 147 141 132 132 137 151 163 160 153 155 154 148 138 141 148 147 146 146 144 146 147 150 152 153 134 116 111 102 59 77 110 115 130 152 153 153 153 150 149 148 146 148 148 153 149 153 154 151 151 147 149 153 156 159 159 163 157 145 123 93 83 74 55 23 103 125 102 102 109 107 144 
54 76 44 41 51 65 28 26 26 42 102 187 198 198 199 203 204 205 207 213 218 217 216 212 209 212 214 200 171 137 136 133 145 163 167 170 185 204 209 204 182 175 172 163 164 165 159 160 153 152 151 155 155 138 125 108 95 69 78 114 126 122 155 161 158 152 150 147 143 144 145 148 147 148 144 148 154 155 154 156 157 163 164 169 173 137 104 82 62 73 92 50 32 85 82 98 79 47 65 52 
96 90 78 46 57 37 15 10 35 40 95 131 181 194 195 199 200 200 200 204 206 204 199 194 194 199 206 204 188 148 135 134 140 147 157 178 196 208 215 216 205 204 202 192 181 186 185 175 160 156 154 154 155 117 111 110 103 61 95 108 97 138 147 157 157 154 151 146 144 146 146 150 148 148 145 144 149 155 155 157 161 165 168 170 181 129 104 69 62 72 94 119 87 121 81 50 74 59 69 75 
76 61 62 43 68 62 67 47 56 63 62 89 159 198 194 198 202 202 199 198 197 192 184 179 179 186 194 202 215 160 143 136 141 144 174 185 197 207 212 205 203 213 212 203 199 200 196 184 161 160 158 154 155 133 120 104 83 59 91 126 99 111 142 154 157 153 152 150 145 144 145 145 147 147 145 144 145 148 152 156 157 160 163 165 218 215 176 87 66 67 57 86 91 84 68 111 63 86 124 99 
59 36 31 55 57 54 55 79 69 51 63 97 181 192 189 193 194 196 196 194 194 191 188 185 186 187 187 192 213 215 197 139 145 155 180 188 187 196 200 200 192 197 195 179 184 191 191 188 164 156 158 158 163 114 106 105 96 66 86 128 59 138 139 158 159 158 159 156 154 151 149 148 148 149 148 147 147 147 153 157 160 162 147 139 148 184 168 162 125 122 111 76 99 67 114 109 116 105 53 92 
67 35 34 57 51 45 65 64 71 53 62 114 133 165 183 188 176 186 187 187 186 191 202 210 207 206 202 197 196 198 175 139 148 173 189 190 174 174 195 205 206 198 181 158 158 156 166 166 163 159 161 163 161 114 119 115 83 53 96 112 91 124 140 161 161 159 160 160 157 154 151 151 152 152 154 155 156 156 160 165 169 173 161 194 177 174 195 119 99 84 91 96 100 88 121 113 77 88 118 67 
53 22 34 83 88 57 59 56 52 53 47 73 83 110 167 179 166 172 184 180 171 175 195 210 213 215 222 225 216 202 205 219 224 227 227 216 186 172 179 198 208 211 179 153 155 152 155 160 163 164 167 169 157 144 114 127 66 76 86 108 102 121 119 160 161 161 163 162 163 162 158 154 154 156 158 160 162 165 168 172 176 161 206 209 203 209 163 113 126 111 68 107 121 111 63 39 25 35 43 103 
35 32 102 85 79 48 17 20 23 45 78 40 39 65 138 155 156 161 179 183 159 135 165 192 206 213 218 224 227 225 225 229 234 235 235 221 203 198 195 200 178 196 197 183 165 157 157 160 164 167 172 179 151 112 113 124 80 81 111 106 104 112 149 159 167 164 163 163 164 165 164 163 162 161 162 151 154 161 170 177 177 152 191 179 152 172 129 84 72 81 110 109 76 77 71 69 12 10 35 92 
57 40 46 41 69 66 72 42 38 32 44 55 69 84 103 122 169 209 216 211 196 153 147 164 180 182 187 195 208 221 225 229 233 236 236 234 229 214 194 188 192 197 214 215 186 158 156 156 160 166 179 180 156 124 123 115 65 69 115 97 118 125 137 157 176 174 172 171 169 171 171 169 170 168 167 155 158 151 145 154 152 156 202 206 110 106 81 100 39 80 139 122 111 97 78 33 37 46 78 130 
39 41 35 45 92 50 75 81 46 35 36 20 44 41 59 76 97 126 204 226 219 212 206 183 180 178 181 183 186 192 205 221 228 232 232 231 222 194 194 186 171 191 207 207 184 163 157 156 157 166 166 169 134 120 109 125 71 98 121 107 116 94 141 145 177 176 176 176 171 171 173 174 178 180 182 225 233 168 172 99 85 125 117 145 95 90 106 53 71 77 96 20 30 76 82 50 74 112 105 53 
55 35 75 47 72 76 70 63 59 50 63 48 47 41 54 61 67 104 166 222 224 222 223 213 198 195 197 195 189 180 184 194 198 206 214 217 210 196 194 166 151 170 181 185 167 163 155 155 154 155 158 161 112 124 104 114 71 57 109 102 90 128 134 141 168 168 164 165 165 167 168 173 178 177 178 189 188 66 74 92 116 94 96 128 108 65 65 77 91 19 19 15 47 67 109 119 139 105 100 135 
64 75 97 61 51 63 47 72 71 52 30 22 14 44 52 49 65 60 83 152 218 216 209 193 184 197 202 204 196 172 161 158 168 171 170 187 188 184 167 137 136 138 141 145 150 153 152 151 154 156 161 160 130 123 119 123 75 96 114 77 123 116 124 131 162 170 167 168 167 166 164 165 169 186 186 219 230 109 95 55 67 94 87 91 101 97 92 82 74 37 26 27 90 121 98 15 67 60 85 98 
32 78 13 37 52 104 58 42 38 20 15 34 43 28 47 34 40 49 46 122 223 224 216 209 203 192 196 200 196 187 173 149 141 146 156 159 164 162 151 140 136 138 141 142 145 146 151 154 156 159 162 151 124 117 116 141 87 58 100 97 97 127 103 140 161 177 175 171 169 166 166 165 185 225 181 186 237 160 72 37 34 60 79 46 23 93 90 98 141 105 114 140 36 57 8 14 6 48 71 51 
55 82 60 65 73 26 28 8 15 25 18 18 13 35 23 37 35 58 60 112 201 222 220 223 221 211 189 180 176 179 176 162 134 134 141 150 168 167 153 138 137 137 139 141 142 144 147 151 153 156 160 143 120 131 72 122 59 64 117 97 93 115 128 143 149 172 172 173 171 173 176 191 176 205 243 203 189 184 86 98 57 65 50 70 85 76 59 56 69 121 147 90 36 46 12 5 39 63 84 112 
107 64 69 77 32 67 32 5 5 11 15 17 29 45 47 57 21 40 39 121 207 207 202 203 208 199 176 140 133 158 170 139 134 137 143 143 158 168 148 143 140 141 141 144 146 147 148 150 154 157 161 136 112 110 101 129 79 81 106 79 104 108 104 143 167 161 170 168 181 227 180 123 211 204 180 138 177 222 141 97 70 102 79 77 83 23 28 54 93 102 142 136 139 89 107 82 32 70 4 5 
23 35 16 35 39 16 33 14 14 4 5 12 23 50 42 28 11 26 53 163 208 209 195 191 194 182 160 144 151 168 172 150 138 139 144 156 158 156 147 146 143 142 143 146 148 147 151 156 159 161 165 107 106 95 98 73 98 101 109 107 94 101 123 208 229 201 189 189 180 201 242 144 129 118 160 162 169 150 119 58 110 206 180 119 100 60 130 85 116 107 122 123 110 113 115 61 124 93 62 17 
3 8 12 29 7 7 9 27 37 27 34 38 10 37 41 22 9 48 179 183 162 217 211 197 187 168 155 154 162 172 164 149 144 146 153 164 160 154 151 150 149 146 147 147 146 148 153 156 160 163 151 101 66 14 74 107 89 77 59 36 25 96 162 167 156 162 191 132 206 218 177 127 160 107 186 190 123 157 178 114 65 101 137 118 121 159 179 114 76 104 82 130 137 83 37 101 98 118 99 103 
7 38 33 5 38 6 22 47 72 55 53 24 3 4 35 11 11 36 119 97 78 195 208 206 202 192 185 192 192 198 191 170 155 153 155 158 158 157 156 153 153 152 154 154 157 160 159 160 162 152 92 26 34 80 101 104 88 83 112 106 93 123 187 191 212 206 235 169 125 132 171 177 196 208 176 121 101 212 231 188 88 117 199 154 125 137 115 119 112 85 64 14 111 49 33 37 58 60 27 12 
56 64 49 49 70 78 73 83 56 62 33 10 9 3 5 12 7 21 12 13 76 172 180 186 193 205 216 223 220 223 220 210 177 158 157 158 159 160 161 157 156 155 155 157 160 165 166 166 143 65 19 58 73 87 125 125 95 90 111 62 60 187 180 157 190 191 168 140 149 144 188 192 158 119 105 94 91 148 160 135 108 118 114 97 57 59 36 82 86 74 4 9 34 23 17 22 3 5 23 53 
47 63 107 105 107 107 102 67 50 73 65 7 9 24 15 19 28 26 13 37 80 138 201 200 197 203 210 210 204 215 218 213 188 161 155 154 156 157 158 156 154 156 159 162 164 165 167 169 163 99 68 74 94 107 149 131 124 134 142 121 131 224 247 226 134 139 181 170 214 201 143 113 113 113 185 188 112 99 75 72 51 76 69 61 55 68 45 38 40 24 18 18 24 44 28 45 26 19 4 26 
71 97 87 50 67 59 43 33 59 63 33 6 12 9 10 13 25 26 46 6 49 151 205 205 201 200 192 190 188 197 203 204 186 167 170 164 162 163 161 163 165 164 161 163 164 165 166 168 171 139 91 94 118 94 139 57 83 63 124 197 196 193 173 166 170 147 195 176 122 106 62 67 180 226 189 212 186 171 170 143 100 45 53 50 13 22 67 57 79 44 54 17 32 30 89 60 39 92 90 73 
120 92 74 38 43 54 13 6 26 55 39 3 8 17 4 6 17 28 24 30 137 173 175 172 168 170 164 161 163 169 172 178 179 179 172 167 164 165 166 162 160 162 161 164 166 170 170 172 175 115 118 102 100 92 146 73 103 66 125 151 158 194 201 181 203 184 113 82 119 167 205 160 222 204 177 192 170 172 169 138 89 72 53 116 29 102 99 50 78 91 87 22 57 93 102 107 107 102 103 120 
94 69 47 7 15 24 15 36 46 54 22 9 5 5 6 28 38 26 31 39 139 153 159 156 156 154 152 151 153 156 157 159 161 163 160 162 161 159 157 157 156 156 156 160 163 166 169 176 166 107 86 95 108 97 155 69 93 133 124 177 205 211 184 172 105 96 58 102 199 227 233 201 210 217 198 184 165 86 124 136 132 84 105 104 133 77 113 116 140 77 62 103 68 96 98 49 89 86 93 122 
46 29 34 26 27 16 20 52 71 71 59 35 27 2 3 11 55 40 13 59 161 163 158 156 154 154 152 151 153 155 155 159 158 158 155 156 156 157 158 159 160 159 159 160 163 166 167 171 129 107 133 118 100 116 123 74 95 159 177 172 171 165 102 57 141 189 201 153 216 201 206 190 180 187 163 150 87 139 238 229 145 155 182 68 153 128 96 69 89 132 119 35 38 38 48 53 34 35 111 90 
87 76 31 11 10 18 7 40 80 9 18 13 12 4 3 4 7 5 26 93 114 159 161 157 155 155 156 157 155 159 158 158 158 159 160 160 159 160 160 159 161 164 164 167 171 174 176 172 121 125 144 151 112 161 112 113 117 163 117 104 196 184 135 91 206 225 230 174 220 217 182 140 146 96 92 135 132 135 212 237 220 159 134 83 93 83 77 51 51 114 107 130 92 63 87 76 14 22 42 37 
72 63 41 25 26 8 6 29 27 8 15 7 4 5 4 4 4 29 73 45 41 115 155 162 159 159 159 160 159 161 162 163 163 163 163 166 169 168 167 165 164 165 166 170 174 177 181 149 128 121 160 138 91 168 115 111 187 137 151 188 232 237 224 191 207 203 189 148 167 131 114 65 78 188 231 215 124 150 200 208 202 110 117 77 106 90 162 129 112 87 82 149 114 51 55 39 4 26 22 16 
46 34 61 65 59 65 20 46 15 11 5 7 5 9 8 6 5 7 8 28 25 32 149 169 167 165 165 163 161 163 165 165 166 167 168 169 170 170 171 171 171 171 171 173 173 177 180 110 128 155 140 122 116 159 83 102 106 194 236 182 224 240 219 186 198 190 142 109 56 125 143 129 144 191 208 232 197 137 209 209 180 133 158 127 137 115 198 131 70 114 63 113 96 34 19 67 7 5 7 15 
24 33 50 47 65 45 55 60 26 56 29 5 10 11 18 23 10 3 3 18 106 96 177 175 173 171 170 170 167 168 168 168 168 169 169 169 170 172 173 175 176 176 177 177 178 182 158 140 140 151 158 147 123 166 90 137 201 208 234 182 236 230 166 138 121 97 70 110 155 204 197 193 185 191 195 224 177 130 224 225 178 203 208 161 54 148 119 47 81 182 56 53 52 69 6 32 4 86 51 14 
6 25 44 75 23 61 51 37 67 63 61 31 7 6 3 4 10 7 12 41 122 171 182 181 179 178 177 176 174 174 174 174 172 173 173 171 172 174 176 178 180 180 183 183 186 188 136 138 106 147 169 137 151 169 98 154 215 209 177 154 130 124 112 52 127 190 179 109 170 171 229 217 167 213 211 221 144 160 227 236 182 148 119 135 131 76 154 138 202 149 32 84 57 20 61 31 23 15 38 14 
5 11 41 84 35 11 8 8 19 21 14 5 6 13 7 7 9 31 127 94 123 157 183 181 180 179 179 180 179 178 178 179 179 177 176 173 174 174 175 177 179 182 185 187 191 178 117 162 134 134 156 146 170 126 110 145 173 134 111 62 151 168 144 101 160 181 225 193 193 176 214 148 147 226 241 225 186 194 220 245 233 118 75 89 77 140 104 186 171 140 119 66 55 8 34 68 54 63 5 12 
11 5 17 7 2 3 9 15 7 13 16 5 3 3 5 13 75 108 139 161 183 182 182 180 178 176 174 174 174 176 178 177 176 176 177 175 174 175 177 178 180 182 185 188 190 155 153 166 174 148 121 91 117 120 127 149 120 109 127 109 187 217 209 184 172 179 205 143 188 212 223 165 164 214 241 237 186 78 192 244 246 168 99 173 211 178 95 159 123 129 64 70 62 57 46 48 72 92 37 16 
62 5 4 4 4 7 12 29 13 15 6 8 16 2 16 24 56 13 33 134 184 182 181 178 176 176 178 175 175 175 175 173 176 176 175 174 175 178 179 180 183 185 187 189 178 153 162 144 131 126 82 114 98 76 100 64 146 150 204 169 171 244 225 164 188 213 183 143 198 234 226 150 159 206 241 240 229 144 203 244 247 210 157 218 176 75 101 103 56 86 66 81 80 106 126 103 91 88 51 7 
2 3 5 2 3 3 6 4 10 22 22 2 2 2 3 4 9 16 28 110 177 181 180 177 176 177 175 175 174 175 177 177 181 183 188 193 192 197 204 216 216 215 210 197 158 138 85 132 124 151 140 136 136 147 141 162 185 172 198 157 182 243 196 127 206 237 189 160 183 233 234 203 201 217 239 240 232 163 189 242 213 178 137 124 96 58 119 38 61 142 130 146 94 89 112 74 99 122 58 24 
9 6 6 7 4 4 6 6 28 7 6 8 2 5 3 4 10 103 149 176 182 180 178 180 185 188 183 175 175 174 177 177 176 178 181 196 200 208 223 230 224 216 194 149 113 110 126 161 145 112 115 149 138 129 118 197 185 195 158 139 218 241 195 160 192 236 216 168 201 229 233 216 211 221 237 240 222 151 161 242 203 176 182 206 181 119 110 119 98 187 197 176 81 106 123 74 33 43 5 22 
8 13 9 14 12 14 11 11 18 6 2 2 2 9 58 35 31 125 179 180 178 177 188 204 216 215 209 199 186 190 190 184 178 176 177 179 184 186 200 202 191 144 121 125 141 149 127 121 138 160 161 194 177 179 167 180 213 223 167 138 224 240 222 131 194 234 230 202 213 225 234 219 191 210 234 239 181 138 143 242 227 181 205 226 194 180 150 171 180 208 202 182 126 131 157 110 103 78 13 32 
2 14 18 8 8 13 4 3 3 15 2 19 56 40 133 148 151 207 219 213 217 217 220 222 224 225 222 214 210 211 214 208 199 194 178 180 189 198 215 221 213 191 156 133 124 130 154 169 171 174 172 191 129 151 152 174 232 222 209 94 212 238 233 172 202 235 230 202 202 222 231 157 108 167 232 238 199 171 171 237 240 194 149 169 189 183 125 154 192 201 186 174 155 131 160 105 35 83 17 26 
4 8 1 2 2 2 3 2 3 23 72 40 49 85 119 184 213 215 214 225 234 235 234 235 232 227 229 226 230 229 225 224 218 212 204 199 199 225 234 236 182 117 125 155 167 168 159 152 185 180 187 178 139 158 155 184 231 225 221 142 207 235 234 181 198 234 207 111 158 223 231 163 143 176 230 239 226 170 169 229 242 217 121 161 185 185 108 124 199 183 113 166 151 143 161 100 34 89 23 5 
21 5 4 4 2 2 2 71 175 131 42 34 69 84 204 215 217 219 225 223 219 213 214 214 215 214 213 212 212 210 213 210 202 207 211 218 220 218 221 221 201 151 165 160 163 158 168 177 186 184 189 171 164 167 159 208 227 224 217 128 207 234 212 103 173 231 212 134 144 218 227 205 138 181 230 240 231 187 69 220 242 233 184 180 194 184 164 157 193 179 81 73 104 116 139 79 56 58 33 5 
2 22 4 10 2 3 23 86 186 203 196 177 196 200 225 220 219 218 216 213 212 211 211 204 203 193 185 199 207 217 221 211 221 227 230 220 214 223 227 220 187 172 171 167 178 180 178 179 153 168 182 127 59 71 83 190 231 224 170 117 208 235 218 134 184 229 229 147 167 220 232 220 143 143 228 240 234 234 170 216 242 238 210 162 191 178 143 138 188 194 114 69 52 48 65 57 87 52 33 14 
2 1 4 3 2 6 72 143 141 194 210 207 205 208 212 212 208 209 213 212 214 212 208 202 213 202 205 229 214 200 216 203 212 221 222 216 167 193 214 208 167 181 182 188 185 185 155 147 48 107 67 55 46 43 40 160 229 223 183 149 205 233 232 144 180 228 228 188 142 219 231 225 212 183 227 240 239 238 149 207 222 235 216 154 185 174 136 129 154 172 160 117 82 78 61 56 79 58 41 29 
2 2 2 1 2 34 95 173 216 214 215 211 207 208 207 201 197 196 195 192 200 196 199 204 215 228 228 223 212 185 170 156 173 182 198 195 186 191 197 178 174 168 148 129 132 163 114 72 39 52 42 37 33 35 32 166 226 221 202 139 200 234 232 185 182 225 224 227 181 221 231 228 230 186 222 220 238 236 177 200 214 168 155 147 176 178 163 140 163 176 106 66 55 61 49 43 36 29 26 20 
2 2 2 3 64 150 197 208 212 212 209 208 206 203 200 197 194 191 187 151 165 174 172 166 158 160 151 119 137 135 169 169 193 197 197 197 200 203 158 161 163 121 107 98 61 71 51 62 42 54 41 44 38 33 33 161 225 219 219 168 201 233 233 208 188 221 227 237 195 201 181 226 207 169 193 213 219 197 144 203 223 171 147 152 142 116 124 107 138 120 63 57 21 15 21 27 30 27 35 38 
1 2 5 21 165 202 202 203 202 203 202 201 201 201 201 199 200 197 194 183 144 162 173 179 146 129 124 96 83 101 107 124 181 203 204 213 222 186 145 159 157 185 147 42 41 46 53 44 44 43 44 40 37 26 33 184 218 216 222 176 181 202 225 217 171 158 200 191 156 168 203 203 157 151 205 226 228 217 201 152 115 114 116 106 92 107 86 91 129 129 109 83 45 25 46 56 59 56 29 26 
17 33 101 170 209 211 212 210 209 210 210 209 211 215 217 220 209 199 195 191 147 108 100 144 138 120 108 94 72 73 88 76 113 174 208 213 188 145 141 102 144 140 83 35 36 36 25 30 25 34 31 27 23 12 67 161 172 175 170 151 183 211 218 161 133 201 226 197 158 173 196 180 161 138 142 170 171 163 157 165 177 136 92 81 103 121 99 68 114 113 113 60 40 65 66 76 82 78 45 31 
122 180 200 215 214 210 210 207 211 214 213 217 215 212 209 175 201 198 168 173 138 76 60 29 30 29 49 77 70 73 51 110 115 125 153 193 143 126 101 104 103 90 52 36 39 38 33 8 15 20 19 12 7 65 146 186 192 186 178 140 181 211 213 171 156 146 146 135 136 128 151 156 147 144 165 200 191 184 97 105 168 126 76 22 42 70 61 52 119 129 127 102 47 80 68 69 67 66 53 79 
211 215 214 211 209 207 205 203 202 197 191 186 183 179 175 159 151 103 71 45 38 32 28 20 13 16 21 42 66 67 46 66 161 169 187 130 97 68 70 72 68 70 86 84 56 71 24 22 27 16 47 83 115 133 149 159 165 136 137 126 138 176 156 139 137 165 176 134 107 140 171 196 185 147 165 146 191 201 160 103 81 73 80 63 37 66 52 56 129 127 127 118 78 103 91 93 79 78 64 72 
216 213 212 211 213 214 213 208 205 201 186 190 193 192 151 125 74 48 23 23 18 18 19 14 14 13 12 17 17 12 35 90 110 63 66 65 69 68 65 59 59 60 60 58 75 68 62 12 21 59 148 102 125 96 98 196 174 164 135 71 160 185 193 137 146 114 176 191 155 132 112 187 212 175 190 163 212 214 206 146 97 96 127 103 68 100 111 119 144 138 127 114 87 105 102 111 92 98 106 70 
219 213 211 213 208 211 209 180 162 145 143 116 99 86 54 46 35 23 17 16 14 9 12 14 11 9 10 19 24 17 9 123 97 48 44 44 59 56 48 38 30 39 31 41 46 54 62 48 24 105 118 111 84 54 28 90 152 149 92 117 36 99 187 180 169 147 192 201 177 154 169 199 222 195 197 209 223 205 203 152 155 199 170 117 57 94 108 152 160 140 131 124 90 95 90 97 86 93 93 69 
212 213 211 204 204 181 85 57 77 91 86 73 57 44 32 24 25 61 22 15 9 8 6 6 6 8 14 14 16 17 32 143 91 24 31 42 48 45 40 27 28 42 30 31 34 52 85 35 84 124 145 98 104 68 17 67 174 166 97 143 115 127 217 184 161 164 212 175 153 171 204 216 156 114 162 216 214 183 163 172 190 201 179 138 103 111 129 170 160 159 148 138 153 136 104 122 99 136 96 101 
208 206 188 167 163 153 50 69 82 73 71 62 51 27 19 16 16 65 36 17 17 9 9 8 7 4 4 7 7 8 83 117 37 43 24 21 36 44 34 40 46 43 41 49 26 42 38 75 103 137 132 74 93 81 48 139 175 183 179 145 93 177 205 135 141 192 217 153 136 171 211 213 146 169 157 203 217 194 176 192 192 207 178 161 114 84 133 162 153 147 144 147 171 143 82 148 147 101 125 131 
144 129 95 94 102 51 67 91 84 60 64 53 39 40 33 34 29 59 47 34 58 51 43 29 25 33 52 36 50 52 28 20 33 33 16 39 26 27 20 38 43 33 28 26 32 45 14 69 95 115 91 106 81 40 31 139 174 190 189 180 146 189 214 133 169 185 201 175 159 179 198 212 182 159 205 211 213 210 153 174 169 176 167 177 185 76 146 147 135 136 145 142 134 126 116 186 158 119 148 128 
74 52 43 81 88 65 59 54 50 41 49 43 51 42 39 31 30 31 20 34 28 30 21 33 56 41 49 24 39 53 55 27 8 8 21 47 17 12 10 93 73 15 66 26 26 36 21 53 98 121 82 120 78 59 61 124 172 174 189 197 143 194 190 113 100 167 224 189 127 173 200 211 188 135 166 206 211 192 184 93 70 103 142 184 139 33 72 130 145 150 149 157 149 131 147 145 142 115 129 109 
167 88 65 80 132 116 94 70 64 88 56 77 109 50 76 51 39 108 34 15 26 101 37 47 41 32 21 64 28 97 96 162 223 240 155 42 102 122 46 87 87 169 195 114 134 134 20 93 85 92 123 133 99 52 53 133 196 176 187 179 120 170 197 184 9 95 190 159 134 119 195 207 180 196 128 173 187 205 208 7 9 7 175 190 94 67 71 113 148 158 130 143 179 166 173 132 141 137 137 145 
69 42 88 95 104 110 110 118 92 144 80 102 75 78 109 140 104 115 118 87 88 120 75 101 79 56 66 87 27 153 111 177 198 142 178 62 65 83 34 181 115 182 185 105 107 161 29 44 80 90 52 62 74 57 49 109 173 157 168 151 196 200 196 212 5 61 192 169 199 165 196 195 175 173 129 182 195 209 231 28 10 5 174 160 127 107 111 103 133 155 120 143 160 235 199 125 131 103 169 192 
45 65 75 57 106 122 109 134 123 128 111 120 90 57 128 99 91 110 70 157 181 188 185 186 185 83 32 54 36 129 101 165 241 249 159 84 114 108 49 87 99 91 118 100 126 106 148 112 55 46 23 74 50 24 37 116 202 192 189 160 187 192 186 206 56 27 189 156 185 136 190 185 174 195 88 177 198 209 232 94 21 13 163 166 135 105 97 93 135 138 147 158 153 160 187 142 133 190 212 197 
29 8 65 53 108 75 39 70 109 111 121 112 107 118 99 112 105 110 110 98 7 60 89 89 101 150 117 128 134 106 61 93 156 155 61 127 118 124 118 97 100 86 81 67 201 170 157 167 135 194 157 35 167 188 139 122 189 194 201 170 147 157 188 159 134 114 145 137 163 145 164 188 192 205 80 164 160 166 176 82 55 40 99 133 98 86 69 67 109 114 139 183 151 86 150 170 155 188 220 193 
53 4 52 34 45 57 107 131 137 171 96 53 71 76 81 106 79 90 100 81 107 134 129 102 102 108 93 98 96 52 79 80 82 85 76 79 102 136 142 146 170 185 172 182 201 126 139 152 112 143 146 101 100 133 160 152 180 168 181 164 158 174 186 114 151 105 100 115 138 180 177 186 177 193 119 159 67 87 37 21 12 3 2 2 46 58 52 12 45 72 96 154 156 112 124 187 156 138 222 241 
6 12 70 109 134 118 115 105 102 118 135 145 136 116 101 116 95 59 51 59 138 155 155 146 152 120 147 74 31 26 50 54 54 53 41 49 55 56 58 58 67 74 96 226 91 91 115 118 132 128 133 138 139 148 156 171 166 153 157 179 164 178 189 117 156 105 124 144 77 174 212 216 114 84 127 133 114 124 125 118 118 115 91 32 27 22 10 3 3 2 2 4 97 114 88 84 153 229 224 242 
54 25 48 116 60 2 17 54 96 62 102 132 130 169 121 158 63 59 79 48 116 80 78 63 83 137 137 151 42 47 60 70 66 75 68 90 104 115 99 72 79 82 117 223 83 77 75 74 71 69 68 70 77 78 82 84 107 116 123 132 147 144 153 143 154 131 147 142 145 151 169 147 153 80 161 173 170 173 137 63 92 97 86 115 124 115 99 112 119 100 104 126 97 110 89 69 29 90 144 207 
105 180 68 149 118 21 38 68 85 79 61 74 108 123 153 154 77 6 42 21 68 84 96 86 91 92 79 87 82 52 55 59 69 111 133 159 170 173 173 166 176 167 191 240 117 116 105 87 89 88 88 85 82 78 75 74 73 73 71 70 70 77 83 83 81 92 96 110 124 126 109 211 155 100 151 145 136 119 107 98 80 68 59 100 116 131 104 32 20 5 8 26 49 80 54 40 117 91 75 53 
72 158 138 155 137 139 136 139 143 147 161 178 206 202 190 176 27 20 42 103 207 180 112 93 82 117 95 110 87 164 102 103 109 104 101 101 99 119 145 155 159 150 158 167 142 138 138 130 128 128 108 105 104 101 100 98 99 99 96 93 91 91 90 87 83 82 80 79 75 74 59 122 153 127 129 141 161 171 175 188 180 195 204 206 168 191 217 222 206 184 139 62 29 3 2 14 41 25 72 52 
90 103 165 157 176 194 198 190 195 201 205 211 215 214 196 218 136 43 23 6 67 67 85 52 137 136 132 37 5 56 106 107 108 109 109 108 106 105 104 102 102 103 104 105 104 104 105 107 108 109 117 112 113 115 124 113 117 108 103 103 101 102 102 104 103 103 103 98 87 92 153 137 93 86 112 84 81 91 74 86 93 83 100 92 86 89 111 163 171 217 232 202 153 31 2 2 2 3 46 79 
91 84 164 164 214 238 240 228 216 211 214 208 207 193 182 174 116 53 40 8 56 30 11 36 99 97 87 16 17 60 105 107 105 106 107 106 108 110 109 108 109 109 108 110 119 101 100 95 93 87 81 77 74 72 70 71 67 69 79 86 80 74 71 71 79 70 71 70 79 44 131 130 127 155 137 140 89 73 52 64 87 102 124 133 118 109 97 75 95 72 108 98 47 29 2 5 4 2 82 123 
